gaussian_1

TC_list =

    2.2900    6.8278

DTC_list =

    6.8278    6.2094

gaussian_2

TC_list =

    3.1214    3.4470

DTC_list =

    3.4470    0.5752

gaussian_3

TC_list =

    0.2597    1.7811

DTC_list =

    1.7811    0.2688

gaussian_4

TC_list =

    0.8452    0.9631    4.4962

DTC_list =

    4.4962    0.3104    4.0529

gaussian_5

TC_list =

    2.4688    1.9066    4.0332

DTC_list =

    4.0332    0.1722    0.7298

gaussian_6

TC_list =

    1.1564    0.4753    3.6348

DTC_list =

    3.6348    0.2282    1.4345

gaussian_7

TC_list =

  Columns 1 through 6

    0.2930    0.6773    1.2638    1.0440    1.1829    1.8852

  Columns 7 through 9

    2.3328    1.9080    2.2389

DTC_list =

  Columns 1 through 6

    2.2389    0.0192    0.0981    0.7621    0.4872    0.8310

  Columns 7 through 9

    1.1925    1.1542    1.5041

gaussian_8

TC_list =

  Columns 1 through 6

    0.6362    1.2951    1.6802    0.9972    1.7766    1.2386

  Columns 7 through 9

    1.9796    0.8308    1.7359

DTC_list =

  Columns 1 through 6

    1.7359    0.0537    0.1402    0.1067    0.1687    0.8907

  Columns 7 through 9

    0.3704    1.1491    0.4413

gaussian_9

TC_list =

  Columns 1 through 6

    0.4878    0.4940    1.3132    0.9691    1.8477    0.9882

  Columns 7 through 9

    1.5188    2.3922    1.4111

DTC_list =

  Columns 1 through 6

    1.4111    0.0130    0.8620    0.4917    0.5679    0.5669

  Columns 7 through 9

    0.6571    1.1444    1.5104




