{
 "cells": [
  {
   "cell_type": "code",
   "execution_count": 1,
   "metadata": {},
   "outputs": [],
   "source": [
    "import numpy as np\n",
    "import matplotlib.pyplot as plt"
   ]
  },
  {
   "cell_type": "code",
   "execution_count": 2,
   "metadata": {},
   "outputs": [],
   "source": [
    "import json\n",
    "with open('./muestras/index.json') as f:\n",
    "    index = json.load(f)"
   ]
  },
  {
   "cell_type": "code",
   "execution_count": 3,
   "metadata": {},
   "outputs": [
    {
     "data": {
      "text/plain": [
       "{'gaussian_1': {'cov': [[0.9486545337793236,\n",
       "    0.8898027211921073,\n",
       "    0.6100372359467587],\n",
       "   [0.8898027211921073, 0.8713281325959036, 0.5399206528673799],\n",
       "   [0.6100372359467587, 0.5399206528673799, 0.4206449508316386]],\n",
       "  'TC': 14.94294800076612,\n",
       "  'DTC': 24.511912840313215,\n",
       "  'O': -9.568964839547094,\n",
       "  'TC_list': [2.284166784638799, 12.658781216127322],\n",
       "  'DTC_list': [12.658781216127322, 11.853131624185892]},\n",
       " 'gaussian_2': {'cov': [[1.7820428291000843,\n",
       "    2.0761737700739205,\n",
       "    1.8630084127252586],\n",
       "   [2.0761737700739205, 2.45134450246227, 2.20499211418001],\n",
       "   [1.8630084127252586, 2.20499211418001, 2.0013729474860438]],\n",
       "  'TC': 6.553575100639658,\n",
       "  'DTC': 3.9794005557070427,\n",
       "  'O': 2.574174544932615,\n",
       "  'TC_list': [3.118657082641791, 3.434918017997867],\n",
       "  'DTC_list': [3.434918017997867, 0.5444825377091758]},\n",
       " 'gaussian_3': {'cov': [[1.4047522276240016,\n",
       "    0.7133489283801965,\n",
       "    1.3754991844892672],\n",
       "   [0.7133489283801965, 1.1990381936177523, 1.2639095070810848],\n",
       "   [1.3754991844892672, 1.2639095070810848, 1.889215123159583]],\n",
       "  'TC': 2.0388871614132027,\n",
       "  'DTC': 2.0369566995937327,\n",
       "  'O': 0.0019304618194699863,\n",
       "  'TC_list': [0.2594686603237797, 1.779418501089423],\n",
       "  'DTC_list': [1.779418501089423, 0.2575381985043097]},\n",
       " 'gaussian_4': {'cov': [[1.8721259123011118,\n",
       "    0.9251691704478601,\n",
       "    1.2664656174479267,\n",
       "    1.6120368323397147],\n",
       "   [0.9251691704478601,\n",
       "    0.6626050900530362,\n",
       "    0.6604850615560155,\n",
       "    0.7427778244844596],\n",
       "   [1.2664656174479267,\n",
       "    0.6604850615560155,\n",
       "    1.1716288561773451,\n",
       "    0.7723353783476423],\n",
       "   [1.6120368323397147,\n",
       "    0.7427778244844596,\n",
       "    0.7723353783476423,\n",
       "    1.711375081433774]],\n",
       "  'TC': 10.670826463027737,\n",
       "  'DTC': 21.145008525916023,\n",
       "  'O': -10.474182062888286,\n",
       "  'TC_list': [0.8448424786567337, 0.9613067093714331, 8.86467727499957],\n",
       "  'DTC_list': [8.86467727499957, 3.9433947417446147, 8.336936509171839]},\n",
       " 'gaussian_5': {'cov': [[1.1869370705596614,\n",
       "    1.4356693124348345,\n",
       "    1.5121849758554806,\n",
       "    1.2443079109237594],\n",
       "   [1.4356693124348345,\n",
       "    1.7954046292016108,\n",
       "    1.8533182682311673,\n",
       "    1.5431671676003864],\n",
       "   [1.5121849758554806,\n",
       "    1.8533182682311673,\n",
       "    2.085630778336816,\n",
       "    1.5769004195461076],\n",
       "   [1.2443079109237594,\n",
       "    1.5431671676003864,\n",
       "    1.5769004195461076,\n",
       "    1.3380317162677555]],\n",
       "  'TC': 8.395176965099235,\n",
       "  'DTC': 4.896122181209353,\n",
       "  'O': 3.499054783889882,\n",
       "  'TC_list': [2.465203247887874, 1.9031097572156899, 4.026863959995671],\n",
       "  'DTC_list': [4.026863959995671, 0.15287003316351067, 0.7163881880501708]},\n",
       " 'gaussian_6': {'cov': [[1.543131621229184,\n",
       "    1.2534150706732696,\n",
       "    0.6143010856494207,\n",
       "    1.2850326057610801],\n",
       "   [1.2534150706732696,\n",
       "    1.2731154906449915,\n",
       "    0.5476674239426672,\n",
       "    1.1512082951002816],\n",
       "   [0.6143010856494207,\n",
       "    0.5476674239426672,\n",
       "    0.5232508988807498,\n",
       "    0.7315987516523651],\n",
       "   [1.2850326057610801,\n",
       "    1.1512082951002816,\n",
       "    0.7315987516523651,\n",
       "    1.2714956325751197]],\n",
       "  'TC': 5.263208727679151,\n",
       "  'DTC': 5.265691575795348,\n",
       "  'O': -0.002482848116196479,\n",
       "  'TC_list': [1.159829491053514, 0.47886038958500876, 3.624518847040629],\n",
       "  'DTC_list': [3.624518847040629, 0.2279764440256291, 1.4131962847290902]},\n",
       " 'gaussian_7': {'cov': [[2.9015491743442245,\n",
       "    1.846063370229486,\n",
       "    1.6054077920198673,\n",
       "    2.0155156771987475,\n",
       "    1.6101938021864781,\n",
       "    1.3314189677869444,\n",
       "    1.5855888178757913,\n",
       "    3.000600868142058,\n",
       "    2.8214535747527454,\n",
       "    2.325000826260409],\n",
       "   [1.846063370229486,\n",
       "    3.5932863874875456,\n",
       "    2.439376916169838,\n",
       "    2.622842589009841,\n",
       "    2.3327263485403873,\n",
       "    2.123932531840759,\n",
       "    2.8210764411233247,\n",
       "    3.3137092180183814,\n",
       "    2.842863769753971,\n",
       "    3.7610890884412322],\n",
       "   [1.6054077920198673,\n",
       "    2.439376916169838,\n",
       "    2.830653044310201,\n",
       "    2.6804702805641405,\n",
       "    1.9802564269360474,\n",
       "    2.006739069780268,\n",
       "    2.5038277394318706,\n",
       "    2.587511734591678,\n",
       "    2.5834305419758326,\n",
       "    2.865754447404284],\n",
       "   [2.0155156771987475,\n",
       "    2.622842589009841,\n",
       "    2.6804702805641405,\n",
       "    3.2664912516422278,\n",
       "    1.9172183559830465,\n",
       "    1.9295468523123456,\n",
       "    2.394156925343706,\n",
       "    3.305558732680923,\n",
       "    2.771690133483991,\n",
       "    3.073344164725263],\n",
       "   [1.6101938021864781,\n",
       "    2.3327263485403873,\n",
       "    1.9802564269360474,\n",
       "    1.9172183559830465,\n",
       "    2.280127486026068,\n",
       "    1.839811656319867,\n",
       "    2.0333874531523093,\n",
       "    2.5860867307550746,\n",
       "    2.056076753307055,\n",
       "    2.6047141035517525],\n",
       "   [1.3314189677869444,\n",
       "    2.123932531840759,\n",
       "    2.006739069780268,\n",
       "    1.9295468523123456,\n",
       "    1.839811656319867,\n",
       "    2.0428277941290514,\n",
       "    2.129395119833669,\n",
       "    2.6807199373052866,\n",
       "    2.2799553502071688,\n",
       "    2.336488416489053],\n",
       "   [1.5855888178757913,\n",
       "    2.8210764411233247,\n",
       "    2.5038277394318706,\n",
       "    2.394156925343706,\n",
       "    2.0333874531523093,\n",
       "    2.129395119833669,\n",
       "    2.79982054383267,\n",
       "    2.8434452825853356,\n",
       "    2.7247857258729034,\n",
       "    2.921827640608698],\n",
       "   [3.000600868142058,\n",
       "    3.3137092180183814,\n",
       "    2.587511734591678,\n",
       "    3.305558732680923,\n",
       "    2.5860867307550746,\n",
       "    2.6807199373052866,\n",
       "    2.8434452825853356,\n",
       "    4.889631745355553,\n",
       "    3.8012074192133607,\n",
       "    3.7601400822998428],\n",
       "   [2.8214535747527454,\n",
       "    2.842863769753971,\n",
       "    2.5834305419758326,\n",
       "    2.771690133483991,\n",
       "    2.056076753307055,\n",
       "    2.2799553502071688,\n",
       "    2.7247857258729034,\n",
       "    3.8012074192133607,\n",
       "    3.9316304325888516,\n",
       "    3.5032179151714873],\n",
       "   [2.325000826260409,\n",
       "    3.7610890884412322,\n",
       "    2.865754447404284,\n",
       "    3.073344164725263,\n",
       "    2.6047141035517525,\n",
       "    2.336488416489053,\n",
       "    2.921827640608698,\n",
       "    3.7601400822998428,\n",
       "    3.5032179151714873,\n",
       "    4.468057467668618]],\n",
       "  'TC': 17.159413579060775,\n",
       "  'DTC': 34.503412919085,\n",
       "  'O': -17.343999340024226,\n",
       "  'TC_list': [0.28551854948572153,\n",
       "   0.6745525906633896,\n",
       "   1.250865233454725,\n",
       "   1.0322854741957848,\n",
       "   1.179038508106606,\n",
       "   1.9374061555603337,\n",
       "   2.7991380803166663,\n",
       "   2.0619000301247823,\n",
       "   5.938708957152766],\n",
       "  'DTC_list': [5.938708957152766,\n",
       "   2.7276418801392186,\n",
       "   2.630279584719828,\n",
       "   2.382563582361655,\n",
       "   3.7286344423417486,\n",
       "   3.985628202760335,\n",
       "   4.505545178213065,\n",
       "   3.512607247363121,\n",
       "   5.091803844033266]},\n",
       " 'gaussian_8': {'cov': [[4.395925424448944,\n",
       "    3.111745162208392,\n",
       "    4.129007789927775,\n",
       "    3.8862909086987845,\n",
       "    3.1058230757383325,\n",
       "    3.4150750335363482,\n",
       "    2.6711372941211353,\n",
       "    4.104001452777587,\n",
       "    1.8490923043941023,\n",
       "    2.834949771940188],\n",
       "   [3.111745162208392,\n",
       "    3.7567711143670435,\n",
       "    3.712561859999252,\n",
       "    3.6541135145089174,\n",
       "    3.0815494004571993,\n",
       "    3.645428872635253,\n",
       "    2.5377971883726382,\n",
       "    3.811345919845813,\n",
       "    1.9342483293829111,\n",
       "    2.247199516497968],\n",
       "   [4.129007789927775,\n",
       "    3.712561859999252,\n",
       "    5.1354646255876375,\n",
       "    4.516775650781202,\n",
       "    3.4355207383419697,\n",
       "    4.248629486746076,\n",
       "    3.102190972060672,\n",
       "    4.327886970734099,\n",
       "    2.411132062762322,\n",
       "    3.0111514670765587],\n",
       "   [3.8862909086987845,\n",
       "    3.6541135145089174,\n",
       "    4.516775650781202,\n",
       "    4.61350035574096,\n",
       "    3.3996155949497497,\n",
       "    3.8816575025137814,\n",
       "    3.1560624739185146,\n",
       "    4.404502683455291,\n",
       "    2.0279834771115306,\n",
       "    2.9562061280731426],\n",
       "   [3.1058230757383325,\n",
       "    3.0815494004571993,\n",
       "    3.4355207383419697,\n",
       "    3.3996155949497497,\n",
       "    3.6585164229327405,\n",
       "    2.601798721628783,\n",
       "    2.960067693751503,\n",
       "    3.992456730113673,\n",
       "    1.439965642473724,\n",
       "    2.0955505837811277],\n",
       "   [3.4150750335363482,\n",
       "    3.645428872635253,\n",
       "    4.248629486746076,\n",
       "    3.8816575025137814,\n",
       "    2.601798721628783,\n",
       "    4.511879722119229,\n",
       "    2.3638766873477186,\n",
       "    3.3118140681232577,\n",
       "    2.257697930532538,\n",
       "    2.6509160394871176],\n",
       "   [2.6711372941211353,\n",
       "    2.5377971883726382,\n",
       "    3.102190972060672,\n",
       "    3.1560624739185146,\n",
       "    2.960067693751503,\n",
       "    2.3638766873477186,\n",
       "    3.1223856063382147,\n",
       "    3.4267340035750697,\n",
       "    1.1207575497305946,\n",
       "    2.0830390870296034],\n",
       "   [4.104001452777587,\n",
       "    3.811345919845813,\n",
       "    4.327886970734099,\n",
       "    4.404502683455291,\n",
       "    3.992456730113673,\n",
       "    3.3118140681232577,\n",
       "    3.4267340035750697,\n",
       "    5.287328244645436,\n",
       "    1.8460473915247417,\n",
       "    2.785284077221164],\n",
       "   [1.8490923043941023,\n",
       "    1.9342483293829111,\n",
       "    2.411132062762322,\n",
       "    2.0279834771115306,\n",
       "    1.439965642473724,\n",
       "    2.257697930532538,\n",
       "    1.1207575497305946,\n",
       "    1.8460473915247417,\n",
       "    1.895330235715432,\n",
       "    1.3509656782530648],\n",
       "   [2.834949771940188,\n",
       "    2.247199516497968,\n",
       "    3.0111514670765587,\n",
       "    2.9562061280731426,\n",
       "    2.0955505837811277,\n",
       "    2.6509160394871176,\n",
       "    2.0830390870296034,\n",
       "    2.785284077221164,\n",
       "    1.3509656782530648,\n",
       "    2.2681272744684606]],\n",
       "  'TC': 12.378308471211177,\n",
       "  'DTC': 5.711860012710859,\n",
       "  'O': 6.6664484585003185,\n",
       "  'TC_list': [0.636725947502371,\n",
       "   1.2925593373462068,\n",
       "   1.6648202782729822,\n",
       "   0.9867683536921419,\n",
       "   1.789902414790113,\n",
       "   1.2488710988735914,\n",
       "   2.0807702396886985,\n",
       "   0.847921184054421,\n",
       "   1.8299696169906525],\n",
       "  'DTC_list': [1.8299696169906525,\n",
       "   0.04089671766008607,\n",
       "   0.21112789960472078,\n",
       "   0.10872648947259123,\n",
       "   0.18763951694841197,\n",
       "   1.1533939350029598,\n",
       "   0.4018918670620195,\n",
       "   1.3217551357158879,\n",
       "   0.45645883425352896]},\n",
       " 'gaussian_9': {'cov': [[2.6706762895816984,\n",
       "    1.7176885558297168,\n",
       "    2.0367390712631095,\n",
       "    2.0900571085389026,\n",
       "    1.8969568212475463,\n",
       "    2.8220237740327634,\n",
       "    1.4054843250393316,\n",
       "    1.7604638573984162,\n",
       "    1.926991885576507,\n",
       "    2.4663515289689264],\n",
       "   [1.7176885558297168,\n",
       "    2.2678822811650092,\n",
       "    1.5136709961814518,\n",
       "    1.7741205460847003,\n",
       "    1.372259726087668,\n",
       "    2.5737015926639373,\n",
       "    1.4881899013246107,\n",
       "    2.008635015079174,\n",
       "    1.4647725987556357,\n",
       "    1.816843966917638],\n",
       "   [2.0367390712631095,\n",
       "    1.5136709961814518,\n",
       "    3.2131766067146548,\n",
       "    2.450792497630373,\n",
       "    1.9914451218946583,\n",
       "    3.2840862189965456,\n",
       "    1.8471602133960183,\n",
       "    2.3307021864105146,\n",
       "    2.1607608158184317,\n",
       "    2.5546604409707876],\n",
       "   [2.0900571085389026,\n",
       "    1.7741205460847003,\n",
       "    2.450792497630373,\n",
       "    2.6006025918065196,\n",
       "    1.5108135997642738,\n",
       "    2.6815116374491565,\n",
       "    1.6494930800313266,\n",
       "    1.9398708318987017,\n",
       "    2.042622112229072,\n",
       "    2.243664259754054],\n",
       "   [1.8969568212475463,\n",
       "    1.372259726087668,\n",
       "    1.9914451218946583,\n",
       "    1.5108135997642738,\n",
       "    2.326493863689574,\n",
       "    2.3893129206110935,\n",
       "    1.8817133499624215,\n",
       "    1.6821303886397612,\n",
       "    1.3973653692269812,\n",
       "    1.913601259293886],\n",
       "   [2.8220237740327634,\n",
       "    2.5737015926639373,\n",
       "    3.2840862189965456,\n",
       "    2.6815116374491565,\n",
       "    2.3893129206110935,\n",
       "    4.6853857202471,\n",
       "    2.1797663236508296,\n",
       "    3.015645836705491,\n",
       "    2.363007838914288,\n",
       "    3.3708353783076],\n",
       "   [1.4054843250393316,\n",
       "    1.4881899013246107,\n",
       "    1.8471602133960183,\n",
       "    1.6494930800313266,\n",
       "    1.8817133499624215,\n",
       "    2.1797663236508296,\n",
       "    2.5222995258355754,\n",
       "    2.036687309549994,\n",
       "    1.3781615875195834,\n",
       "    1.5341851956228905],\n",
       "   [1.7604638573984162,\n",
       "    2.008635015079174,\n",
       "    2.3307021864105146,\n",
       "    1.9398708318987017,\n",
       "    1.6821303886397612,\n",
       "    3.015645836705491,\n",
       "    2.036687309549994,\n",
       "    2.80021782634694,\n",
       "    1.9730180420015226,\n",
       "    2.1390022948603082],\n",
       "   [1.926991885576507,\n",
       "    1.4647725987556357,\n",
       "    2.1607608158184317,\n",
       "    2.042622112229072,\n",
       "    1.3973653692269812,\n",
       "    2.363007838914288,\n",
       "    1.3781615875195834,\n",
       "    1.9730180420015226,\n",
       "    1.9689982520802258,\n",
       "    2.008933130005743],\n",
       "   [2.4663515289689264,\n",
       "    1.816843966917638,\n",
       "    2.5546604409707876,\n",
       "    2.243664259754054,\n",
       "    1.913601259293886,\n",
       "    3.3708353783076,\n",
       "    1.5341851956228905,\n",
       "    2.1390022948603082,\n",
       "    2.008933130005743,\n",
       "    3.096994450434337]],\n",
       "  'TC': 12.882212899041043,\n",
       "  'DTC': 12.886191892190194,\n",
       "  'O': -0.0039789931491505115,\n",
       "  'TC_list': [0.48167094049733805,\n",
       "   0.4921267429115197,\n",
       "   1.298250434025439,\n",
       "   0.962694986052334,\n",
       "   1.9319598660363049,\n",
       "   1.0614055044156316,\n",
       "   1.9390177179093282,\n",
       "   3.2650562248602863,\n",
       "   1.4500304823328616],\n",
       "  'DTC_list': [1.4500304823328616,\n",
       "   0.13567152531993543,\n",
       "   1.8802813906732858,\n",
       "   0.9994504677405818,\n",
       "   1.3590479329393634,\n",
       "   1.496857970182722,\n",
       "   1.1610146812234738,\n",
       "   1.919788999711039,\n",
       "   2.484048442066933]}}"
      ]
     },
     "execution_count": 3,
     "metadata": {},
     "output_type": "execute_result"
    }
   ],
   "source": [
    "index"
   ]
  },
  {
   "cell_type": "code",
   "execution_count": 4,
   "metadata": {},
   "outputs": [],
   "source": [
    "kraskov = {\n",
    "    \"gaussian_1\": {\n",
    "        \"TC_list\": [2.2900, 6.8278],\n",
    "        \"DTC_list\": [6.8278, 6.2094]\n",
    "    },\n",
    "    \"gaussian_2\": {\n",
    "        \"TC_list\": [3.1214, 3.4470],\n",
    "        \"DTC_list\": [3.4470, 0.5752]\n",
    "    },\n",
    "    \"gaussian_3\": {\n",
    "        \"TC_list\": [0.2597, 1.7811],\n",
    "        \"DTC_list\": [1.7811, 0.2688]\n",
    "    },\n",
    "    \"gaussian_4\": {\n",
    "        \"TC_list\": [0.8452, 0.9631, 4.4962],\n",
    "        \"DTC_list\": [4.4962, 0.3104, 4.0529]\n",
    "    },\n",
    "    \"gaussian_5\": {\n",
    "        \"TC_list\": [2.4688, 1.9066, 4.0332],\n",
    "        \"DTC_list\": [4.0332, 0.1722, 0.7298]\n",
    "    },\n",
    "    \"gaussian_6\": {\n",
    "        \"TC_list\": [1.1564, 0.4753, 3.6348],\n",
    "        \"DTC_list\": [3.6348, 0.2282, 1.4345]\n",
    "    },\n",
    "    \"gaussian_7\": {\n",
    "        \"TC_list\": [0.2930, 0.6773, 1.2638, 1.0440, 1.1829, 1.8852, 2.3328, 1.9080, 2.2389],\n",
    "        \"DTC_list\": [2.2389, 0.0192, 0.0981, 0.7621, 0.4872, 0.8310, 1.1925, 1.1542, 1.5041]\n",
    "    },\n",
    "    \"gaussian_8\": {\n",
    "        \"TC_list\": [0.6362, 1.2951, 1.6802, 0.9972, 1.7766, 1.2386, 1.9796, 0.8308, 1.7359],\n",
    "        \"DTC_list\": [1.7359, 0.0537, 0.1402, 0.1067, 0.1687, 0.8907, 0.3704, 1.1491, 0.4413]\n",
    "    },\n",
    "    \"gaussian_9\": {\n",
    "        \"TC_list\": [0.4878, 0.4940, 1.3132, 0.9691, 1.8477, 0.9882, 1.5188, 2.3922, 1.4111],\n",
    "        \"DTC_list\": [1.4111, 0.0130, 0.8620, 0.4917, 0.5679, 0.5669, 0.6571, 1.1444, 1.5104]\n",
    "    }\n",
    "}"
   ]
  },
  {
   "cell_type": "code",
   "execution_count": 5,
   "metadata": {},
   "outputs": [],
   "source": [
    "copulas = {\n",
    "    \"gaussian_1\": {\n",
    "        \"TC_list\": [2.2824, 7.2135],\n",
    "        \"DTC_list\": [7.2135, 6.4046]\n",
    "    },\n",
    "    \"gaussian_2\": {\n",
    "        \"TC_list\": [3.1126, 3.4333],\n",
    "        \"DTC_list\": [3.4333, 0.5422]\n",
    "    },\n",
    "    \"gaussian_3\": {\n",
    "        \"TC_list\": [0.2573, 1.7769],\n",
    "        \"DTC_list\": [1.7769, 0.2582]\n",
    "    },\n",
    "    \"gaussian_4\": {\n",
    "        \"TC_list\": [0.8445, 0.9588, 6.8627],\n",
    "        \"DTC_list\": [6.8627, 1.9870, 6.3309]\n",
    "    },\n",
    "    \"gaussian_5\": {\n",
    "        \"TC_list\": [2.4616, 1.9068, 4.0248],\n",
    "        \"DTC_list\": [4.0248, 0.1521, 0.71495]\n",
    "    },\n",
    "    \"gaussian_6\": {\n",
    "        \"TC_list\": [1.1568, 0.4818, 3.6230],\n",
    "        \"DTC_list\": [3.6230, 0.2283, 1.4082]\n",
    "    },\n",
    "    \"gaussian_7\": {\n",
    "        \"TC_list\": [0.2862, 0.6732, 1.2519, 1.0373, 1.1797, 1.9412, 2.7998, 2.0674, 5.7595],\n",
    "        \"DTC_list\": [5.7595, 2.5453, 2.4473, 2.2337, 3.5443, 3.8036, 4.3154, 3.3360, 4.9058]\n",
    "    },\n",
    "    \"gaussian_8\": {\n",
    "        \"TC_list\": [0.6377, 1.2932, 1.6685, 0.9883, 1.7922, 1.2554, 2.0801, 0.8510, 1.8325],\n",
    "        \"DTC_list\": [1.8325, 0.0410, 0.2085, 0.1086, 0.1878, 1.1442, 0.4035, 1.3192, 0.4557]\n",
    "    },\n",
    "    \"gaussian_9\": {\n",
    "        \"TC_list\": [0.4811, 0.4954, 1.3033, 0.9628, 1.9325, 1.0659, 1.9418, 3.2571, 1.4573],\n",
    "        \"DTC_list\": [1.4573, 0.1375, 1.8733, 1.0016, 1.3535, 1.4877, 1.1607, 1.9147, 2.4745]\n",
    "    }\n",
    "}"
   ]
  },
  {
   "cell_type": "code",
   "execution_count": 6,
   "metadata": {},
   "outputs": [],
   "source": [
    "def barPosition(var, n_vars):\n",
    "    separation =1\n",
    "    width=0.8\n",
    "    if n_vars%2==0:\n",
    "        return ((var-n_vars/2)/n_vars)*width*separation\n",
    "    else:\n",
    "        return ((var-n_vars/2)/n_vars)*width*separation-width/(2*n_vars)"
   ]
  },
  {
   "cell_type": "code",
   "execution_count": 63,
   "metadata": {
    "scrolled": false
   },
   "outputs": [
    {
     "data": {
