{
 "cells": [
  {
   "cell_type": "code",
   "execution_count": 91,
   "metadata": {},
   "outputs": [],
   "source": [
    "import os\n",
    "import json\n",
    "import numpy as np\n",
    "import pandas as pd\n",
    "import matplotlib.pyplot as plt"
   ]
  },
  {
   "cell_type": "code",
   "execution_count": 2,
   "metadata": {},
   "outputs": [
    {
     "name": "stdout",
     "output_type": "stream",
     "text": [
      "\u001b[0m\u001b[01;34mkraskov_1\u001b[0m/\r\n"
     ]
    }
   ],
   "source": [
    "ls ../results/muestras"
   ]
  },
  {
   "cell_type": "code",
   "execution_count": 3,
   "metadata": {},
   "outputs": [
    {
     "name": "stdout",
     "output_type": "stream",
     "text": [
      "gaussian_1 100 (100, 3) ../results/muestras/kraskov_1/gaussian_1/100/results_samples.txt\n",
      "gaussian_1 1000 (100, 3) ../results/muestras/kraskov_1/gaussian_1/1000/results_samples.txt\n",
      "gaussian_1 10000 (100, 3) ../results/muestras/kraskov_1/gaussian_1/10000/results_samples.txt\n",
      "gaussian_1 100000 (100, 3) ../results/muestras/kraskov_1/gaussian_1/100000/results_samples.txt\n",
      "gaussian_2 100 (100, 3) ../results/muestras/kraskov_1/gaussian_2/100/results_samples.txt\n",
      "gaussian_2 1000 (100, 3) ../results/muestras/kraskov_1/gaussian_2/1000/results_samples.txt\n",
      "gaussian_2 10000 (100, 3) ../results/muestras/kraskov_1/gaussian_2/10000/results_samples.txt\n",
      "gaussian_2 100000 (100, 3) ../results/muestras/kraskov_1/gaussian_2/100000/results_samples.txt\n",
      "gaussian_3 100 (100, 3) ../results/muestras/kraskov_1/gaussian_3/100/results_samples.txt\n",
      "gaussian_3 1000 (100, 3) ../results/muestras/kraskov_1/gaussian_3/1000/results_samples.txt\n",
      "gaussian_3 10000 (100, 3) ../results/muestras/kraskov_1/gaussian_3/10000/results_samples.txt\n",
      "gaussian_3 100000 (100, 3) ../results/muestras/kraskov_1/gaussian_3/100000/results_samples.txt\n",
      "gaussian_4 100 (100, 3) ../results/muestras/kraskov_1/gaussian_4/100/results_samples.txt\n",
      "gaussian_4 1000 (100, 3) ../results/muestras/kraskov_1/gaussian_4/1000/results_samples.txt\n",
      "gaussian_4 10000 (100, 3) ../results/muestras/kraskov_1/gaussian_4/10000/results_samples.txt\n",
      "gaussian_4 100000 (100, 3) ../results/muestras/kraskov_1/gaussian_4/100000/results_samples.txt\n",
      "gaussian_5 100 (100, 3) ../results/muestras/kraskov_1/gaussian_5/100/results_samples.txt\n",
      "gaussian_5 1000 (100, 3) ../results/muestras/kraskov_1/gaussian_5/1000/results_samples.txt\n",
      "gaussian_5 10000 (100, 3) ../results/muestras/kraskov_1/gaussian_5/10000/results_samples.txt\n",
      "gaussian_5 100000 (100, 3) ../results/muestras/kraskov_1/gaussian_5/100000/results_samples.txt\n",
      "gaussian_6 100 (100, 3) ../results/muestras/kraskov_1/gaussian_6/100/results_samples.txt\n",
      "gaussian_6 1000 (100, 3) ../results/muestras/kraskov_1/gaussian_6/1000/results_samples.txt\n",
      "gaussian_6 10000 (100, 3) ../results/muestras/kraskov_1/gaussian_6/10000/results_samples.txt\n",
      "gaussian_6 100000 (100, 3) ../results/muestras/kraskov_1/gaussian_6/100000/results_samples.txt\n",
      "gaussian_7 100 (100, 3) ../results/muestras/kraskov_1/gaussian_7/100/results_samples.txt\n",
      "gaussian_7 1000 (100, 3) ../results/muestras/kraskov_1/gaussian_7/1000/results_samples.txt\n",
      "gaussian_7 10000 (100, 3) ../results/muestras/kraskov_1/gaussian_7/10000/results_samples.txt\n",
      "gaussian_7 100000 (100, 3) ../results/muestras/kraskov_1/gaussian_7/100000/results_samples.txt\n",
      "gaussian_8 100 (100, 3) ../results/muestras/kraskov_1/gaussian_8/100/results_samples.txt\n",
      "gaussian_8 1000 (100, 3) ../results/muestras/kraskov_1/gaussian_8/1000/results_samples.txt\n",
      "gaussian_8 10000 (100, 3) ../results/muestras/kraskov_1/gaussian_8/10000/results_samples.txt\n",
      "gaussian_8 100000 (100, 3) ../results/muestras/kraskov_1/gaussian_8/100000/results_samples.txt\n",
      "gaussian_9 100 (100, 3) ../results/muestras/kraskov_1/gaussian_9/100/results_samples.txt\n",
      "gaussian_9 1000 (100, 3) ../results/muestras/kraskov_1/gaussian_9/1000/results_samples.txt\n",
      "gaussian_9 10000 (100, 3) ../results/muestras/kraskov_1/gaussian_9/10000/results_samples.txt\n",
      "gaussian_9 100000 (100, 3) ../results/muestras/kraskov_1/gaussian_9/100000/results_samples.txt\n"
     ]
    }
   ],
   "source": [
    "results_folder = \"../results/muestras/kraskov_1/\"\n",
    "gaussian_results = {}\n",
    "for gaussian_i in sorted(os.listdir(results_folder)):\n",
    "    gaussian_i_folder = os.path.join(results_folder, gaussian_i)\n",
    "    gaussian_results[gaussian_i] = {\n",
    "        \"mean\": [],\n",
    "        \"std\": []\n",
    "    }\n",
    "    for n_data in sorted(os.listdir(gaussian_i_folder)):\n",
    "        data_filepath = os.path.join(gaussian_i_folder, n_data, \"results_samples.txt\")\n",
    "        data = np.loadtxt(data_filepath, delimiter=\",\")\n",
    "        print(gaussian_i, n_data, data.shape, data_filepath)\n",
    "        data_mean, data_std = data.mean(axis=0), data.std(axis=0)\n",
    "        gaussian_results[gaussian_i][\"mean\"].append(data_mean)\n",
    "        gaussian_results[gaussian_i][\"std\"].append(data_std)"
   ]
  },
  {
   "cell_type": "code",
   "execution_count": 92,
   "metadata": {},
   "outputs": [],
   "source": [
    "with open(\"../data/muestras/index.json\", \"r\") as f:\n",
    "    index = json.load(f)"
   ]
  },
  {
   "cell_type": "code",
   "execution_count": 93,
   "metadata": {},
   "outputs": [
    {
     "data": {
      "text/plain": [
       "{'gaussian_1': {'cov': [[0.9486545337793236,\n",
       "    0.8898027211921073,\n",
       "    0.6100372359467587],\n",
       "   [0.8898027211921073, 0.8713281325959036, 0.5399206528673799],\n",
       "   [0.6100372359467587, 0.5399206528673799, 0.4206449508316386]],\n",
       "  'TC': 14.942948002189445,\n",
       "  'DTC': 24.511912843159863,\n",
       "  'O': -9.568964840970418},\n",
       " 'gaussian_2': {'cov': [[1.7820428291000843,\n",
       "    2.0761737700739205,\n",
       "    1.8630084127252586],\n",
       "   [2.0761737700739205, 2.45134450246227, 2.20499211418001],\n",
       "   [1.8630084127252586, 2.20499211418001, 2.0013729474860438]],\n",
       "  'TC': 6.553575100639645,\n",
       "  'DTC': 3.9794005557070142,\n",
       "  'O': 2.574174544932631},\n",
       " 'gaussian_3': {'cov': [[1.4047522276240016,\n",
       "    0.7133489283801965,\n",
       "    1.3754991844892672],\n",
       "   [0.7133489283801965, 1.1990381936177523, 1.2639095070810848],\n",
       "   [1.3754991844892672, 1.2639095070810848, 1.889215123159583]],\n",
       "  'TC': 2.0388871614132027,\n",
       "  'DTC': 2.0369566995937323,\n",
       "  'O': 0.0019304618194704304},\n",
       " 'gaussian_4': {'cov': [[1.8721259123011116,\n",
       "    0.9251691704478602,\n",
       "    1.2664656174479267,\n",
       "    1.6120368323397147],\n",
       "   [0.9251691704478602,\n",
       "    0.6626050900530362,\n",
       "    0.6604850615560154,\n",
       "    0.7427778244844596],\n",
       "   [1.2664656174479267,\n",
       "    0.6604850615560154,\n",
       "    1.171628856177345,\n",
       "    0.7723353783476423],\n",
       "   [1.6120368323397147,\n",
       "    0.7427778244844596,\n",
       "    0.7723353783476423,\n",
       "    1.7113750814337743]],\n",
       "  'TC': 10.67082646313931,\n",
       "  'DTC': 21.14500852625021,\n",
       "  'O': -10.474182063110899},\n",
       " 'gaussian_5': {'cov': [[1.1869370705596614,\n",
       "    1.4356693124348345,\n",
       "    1.5121849758554806,\n",
       "    1.2443079109237594],\n",
       "   [1.4356693124348345,\n",
       "    1.795404629201611,\n",
       "    1.8533182682311673,\n",
       "    1.5431671676003862],\n",
       "   [1.5121849758554806,\n",
       "    1.8533182682311673,\n",
       "    2.085630778336816,\n",
       "    1.5769004195461074],\n",
       "   [1.2443079109237594,\n",
       "    1.5431671676003862,\n",
       "    1.5769004195461074,\n",
       "    1.3380317162677555]],\n",
       "  'TC': 8.395176965099164,\n",
       "  'DTC': 4.896122181209218,\n",
       "  'O': 3.499054783889946},\n",
       " 'gaussian_6': {'cov': [[1.5431316212291841,\n",
       "    1.2534150706732698,\n",
       "    0.6143010856494207,\n",
       "    1.2850326057610801],\n",
       "   [1.2534150706732698,\n",
       "    1.2731154906449915,\n",
       "    0.5476674239426672,\n",
       "    1.1512082951002816],\n",
       "   [0.6143010856494207,\n",
       "    0.5476674239426672,\n",
       "    0.5232508988807498,\n",
       "    0.7315987516523651],\n",
       "   [1.2850326057610801,\n",
       "    1.1512082951002816,\n",
       "    0.7315987516523651,\n",
       "    1.2714956325751197]],\n",
       "  'TC': 5.263208727679152,\n",
       "  'DTC': 5.265691575795344,\n",
       "  'O': -0.002482848116192038},\n",
       " 'gaussian_7': {'cov': [[2.9015491743442245,\n",
       "    1.846063370229486,\n",
       "    1.6054077920198673,\n",
       "    2.0155156771987475,\n",
       "    1.6101938021864781,\n",
       "    1.3314189677869444,\n",
       "    1.5855888178757913,\n",
       "    3.000600868142058,\n",
       "    2.8214535747527454,\n",
       "    2.325000826260409],\n",
       "   [1.846063370229486,\n",
       "    3.5932863874875456,\n",
       "    2.439376916169838,\n",
       "    2.622842589009841,\n",
       "    2.3327263485403873,\n",
       "    2.123932531840759,\n",
       "    2.8210764411233247,\n",
       "    3.3137092180183814,\n",
       "    2.842863769753971,\n",
       "    3.7610890884412322],\n",
       "   [1.6054077920198673,\n",
       "    2.439376916169838,\n",
       "    2.830653044310201,\n",
       "    2.6804702805641405,\n",
       "    1.9802564269360474,\n",
       "    2.006739069780268,\n",
       "    2.5038277394318706,\n",
       "    2.587511734591678,\n",
       "    2.5834305419758326,\n",
       "    2.865754447404284],\n",
       "   [2.0155156771987475,\n",
       "    2.622842589009841,\n",
       "    2.6804702805641405,\n",
       "    3.2664912516422278,\n",
       "    1.9172183559830465,\n",
       "    1.9295468523123456,\n",
       "    2.394156925343706,\n",
       "    3.305558732680923,\n",
       "    2.771690133483991,\n",
       "    3.073344164725263],\n",
       "   [1.6101938021864781,\n",
       "    2.3327263485403873,\n",
       "    1.9802564269360474,\n",
       "    1.9172183559830465,\n",
       "    2.280127486026068,\n",
       "    1.839811656319867,\n",
       "    2.0333874531523093,\n",
       "    2.5860867307550746,\n",
       "    2.056076753307055,\n",
       "    2.6047141035517525],\n",
       "   [1.3314189677869444,\n",
       "    2.123932531840759,\n",
       "    2.006739069780268,\n",
       "    1.9295468523123456,\n",
       "    1.839811656319867,\n",
       "    2.0428277941290514,\n",
       "    2.129395119833669,\n",
       "    2.6807199373052866,\n",
       "    2.2799553502071688,\n",
       "    2.336488416489053],\n",
       "   [1.5855888178757913,\n",
       "    2.8210764411233247,\n",
       "    2.5038277394318706,\n",
       "    2.394156925343706,\n",
       "    2.0333874531523093,\n",
       "    2.129395119833669,\n",
       "    2.79982054383267,\n",
       "    2.8434452825853356,\n",
       "    2.7247857258729034,\n",
       "    2.921827640608698],\n",
       "   [3.000600868142058,\n",
       "    3.3137092180183814,\n",
       "    2.587511734591678,\n",
       "    3.305558732680923,\n",
       "    2.5860867307550746,\n",
       "    2.6807199373052866,\n",
       "    2.8434452825853356,\n",
       "    4.889631745355553,\n",
       "    3.8012074192133607,\n",
       "    3.7601400822998428],\n",
       "   [2.8214535747527454,\n",
       "    2.842863769753971,\n",
       "    2.5834305419758326,\n",
       "    2.771690133483991,\n",
       "    2.056076753307055,\n",
       "    2.2799553502071688,\n",
       "    2.7247857258729034,\n",
       "    3.8012074192133607,\n",
       "    3.9316304325888516,\n",
       "    3.5032179151714873],\n",
       "   [2.325000826260409,\n",
       "    3.7610890884412322,\n",
       "    2.865754447404284,\n",
       "    3.073344164725263,\n",
       "    2.6047141035517525,\n",
       "    2.336488416489053,\n",
       "    2.921827640608698,\n",
       "    3.7601400822998428,\n",
       "    3.5032179151714873,\n",
       "    4.468057467668618]],\n",
       "  'TC': 17.159413579062676,\n",
       "  'DTC': 34.50341291910172,\n",
       "  'O': -17.343999340039044},\n",
       " 'gaussian_8': {'cov': [[4.395925424448944,\n",
       "    3.111745162208392,\n",
       "    4.129007789927775,\n",
       "    3.8862909086987845,\n",
       "    3.1058230757383325,\n",
       "    3.4150750335363482,\n",
       "    2.6711372941211353,\n",
       "    4.104001452777587,\n",
       "    1.8490923043941023,\n",
       "    2.834949771940188],\n",
       "   [3.111745162208392,\n",
       "    3.7567711143670435,\n",
       "    3.712561859999252,\n",
       "    3.6541135145089174,\n",
       "    3.0815494004571993,\n",
       "    3.645428872635253,\n",
       "    2.5377971883726382,\n",
       "    3.811345919845813,\n",
       "    1.9342483293829111,\n",
       "    2.247199516497968],\n",
       "   [4.129007789927775,\n",
       "    3.712561859999252,\n",
       "    5.1354646255876375,\n",
       "    4.516775650781202,\n",
       "    3.4355207383419697,\n",
       "    4.248629486746076,\n",
       "    3.102190972060672,\n",
       "    4.327886970734099,\n",
       "    2.411132062762322,\n",
       "    3.0111514670765587],\n",
       "   [3.8862909086987845,\n",
       "    3.6541135145089174,\n",
       "    4.516775650781202,\n",
       "    4.61350035574096,\n",
       "    3.3996155949497497,\n",
       "    3.8816575025137814,\n",
       "    3.1560624739185146,\n",
       "    4.404502683455291,\n",
       "    2.0279834771115306,\n",
       "    2.9562061280731426],\n",
       "   [3.1058230757383325,\n",
       "    3.0815494004571993,\n",
       "    3.4355207383419697,\n",
       "    3.3996155949497497,\n",
       "    3.6585164229327405,\n",
       "    2.601798721628783,\n",
       "    2.960067693751503,\n",
       "    3.992456730113673,\n",
       "    1.439965642473724,\n",
       "    2.0955505837811277],\n",
       "   [3.4150750335363482,\n",
       "    3.645428872635253,\n",
       "    4.248629486746076,\n",
       "    3.8816575025137814,\n",
       "    2.601798721628783,\n",
       "    4.511879722119229,\n",
       "    2.3638766873477186,\n",
       "    3.3118140681232577,\n",
       "    2.257697930532538,\n",
       "    2.6509160394871176],\n",
       "   [2.6711372941211353,\n",
       "    2.5377971883726382,\n",
       "    3.102190972060672,\n",
       "    3.1560624739185146,\n",
       "    2.960067693751503,\n",
       "    2.3638766873477186,\n",
       "    3.1223856063382147,\n",
       "    3.4267340035750697,\n",
       "    1.1207575497305946,\n",
       "    2.0830390870296034],\n",
       "   [4.104001452777587,\n",
       "    3.811345919845813,\n",
       "    4.327886970734099,\n",
       "    4.404502683455291,\n",
       "    3.992456730113673,\n",
       "    3.3118140681232577,\n",
       "    3.4267340035750697,\n",
       "    5.287328244645436,\n",
       "    1.8460473915247417,\n",
       "    2.785284077221164],\n",
       "   [1.8490923043941023,\n",
       "    1.9342483293829111,\n",
       "    2.411132062762322,\n",
       "    2.0279834771115306,\n",
       "    1.439965642473724,\n",
       "    2.257697930532538,\n",
       "    1.1207575497305946,\n",
       "    1.8460473915247417,\n",
       "    1.895330235715432,\n",
       "    1.3509656782530648],\n",
       "   [2.834949771940188,\n",
       "    2.247199516497968,\n",
       "    3.0111514670765587,\n",
       "    2.9562061280731426,\n",
       "    2.0955505837811277,\n",
       "    2.6509160394871176,\n",
       "    2.0830390870296034,\n",
       "    2.785284077221164,\n",
       "    1.3509656782530648,\n",
       "    2.2681272744684606]],\n",
       "  'TC': 12.37830847121118,\n",
       "  'DTC': 5.7118600127109005,\n",
       "  'O': 6.66644845850028},\n",
       " 'gaussian_9': {'cov': [[2.6706762895816984,\n",
       "    1.7176885558297168,\n",
       "    2.0367390712631095,\n",
       "    2.0900571085389026,\n",
       "    1.8969568212475463,\n",
       "    2.8220237740327634,\n",
       "    1.4054843250393316,\n",
       "    1.7604638573984162,\n",
       "    1.926991885576507,\n",
       "    2.4663515289689264],\n",
       "   [1.7176885558297168,\n",
       "    2.2678822811650092,\n",
       "    1.5136709961814518,\n",
       "    1.7741205460847003,\n",
       "    1.372259726087668,\n",
       "    2.5737015926639373,\n",
       "    1.4881899013246107,\n",
       "    2.008635015079174,\n",
       "    1.4647725987556357,\n",
       "    1.816843966917638],\n",
       "   [2.0367390712631095,\n",
       "    1.5136709961814518,\n",
       "    3.2131766067146548,\n",
       "    2.450792497630373,\n",
       "    1.9914451218946583,\n",
       "    3.2840862189965456,\n",
       "    1.8471602133960183,\n",
       "    2.3307021864105146,\n",
       "    2.1607608158184317,\n",
       "    2.5546604409707876],\n",
       "   [2.0900571085389026,\n",
       "    1.7741205460847003,\n",
       "    2.450792497630373,\n",
       "    2.6006025918065196,\n",
       "    1.5108135997642738,\n",
       "    2.6815116374491565,\n",
       "    1.6494930800313266,\n",
       "    1.9398708318987017,\n",
       "    2.042622112229072,\n",
       "    2.243664259754054],\n",
       "   [1.8969568212475463,\n",
       "    1.372259726087668,\n",
       "    1.9914451218946583,\n",
       "    1.5108135997642738,\n",
       "    2.326493863689574,\n",
       "    2.3893129206110935,\n",
       "    1.8817133499624215,\n",
       "    1.6821303886397612,\n",
       "    1.3973653692269812,\n",
       "    1.913601259293886],\n",
       "   [2.8220237740327634,\n",
       "    2.5737015926639373,\n",
       "    3.2840862189965456,\n",
       "    2.6815116374491565,\n",
       "    2.3893129206110935,\n",
       "    4.6853857202471,\n",
       "    2.1797663236508296,\n",
       "    3.015645836705491,\n",
       "    2.363007838914288,\n",
       "    3.3708353783076],\n",
       "   [1.4054843250393316,\n",
       "    1.4881899013246107,\n",
       "    1.8471602133960183,\n",
       "    1.6494930800313266,\n",
       "    1.8817133499624215,\n",
       "    2.1797663236508296,\n",
       "    2.5222995258355754,\n",
       "    2.036687309549994,\n",
       "    1.3781615875195834,\n",
       "    1.5341851956228905],\n",
       "   [1.7604638573984162,\n",
       "    2.008635015079174,\n",
       "    2.3307021864105146,\n",
       "    1.9398708318987017,\n",
       "    1.6821303886397612,\n",
       "    3.015645836705491,\n",
       "    2.036687309549994,\n",
       "    2.80021782634694,\n",
       "    1.9730180420015226,\n",
       "    2.1390022948603082],\n",
       "   [1.926991885576507,\n",
       "    1.4647725987556357,\n",
       "    2.1607608158184317,\n",
       "    2.042622112229072,\n",
       "    1.3973653692269812,\n",
       "    2.363007838914288,\n",
       "    1.3781615875195834,\n",
       "    1.9730180420015226,\n",
       "    1.9689982520802258,\n",
       "    2.008933130005743],\n",
       "   [2.4663515289689264,\n",
       "    1.816843966917638,\n",
       "    2.5546604409707876,\n",
       "    2.243664259754054,\n",
       "    1.913601259293886,\n",
       "    3.3708353783076,\n",
       "    1.5341851956228905,\n",
       "    2.1390022948603082,\n",
       "    2.008933130005743,\n",
       "    3.096994450434337]],\n",
       "  'TC': 12.882212899041042,\n",
       "  'DTC': 12.886191892190169,\n",
       "  'O': -0.003978993149127419}}"
      ]
     },
     "execution_count": 93,
     "metadata": {},
     "output_type": "execute_result"
    }
   ],
   "source": [
    "index"
   ]
  },
  {
   "cell_type": "code",
   "execution_count": 136,
   "metadata": {
    "scrolled": false
   },
   "outputs": [
    {
     "data": {
